,ID,Occurrences
0,5,7
1,166,7
2,153,7
3,154,7
4,156,7
5,157,7
6,162,7
7,163,7
8,164,7
9,165,7
10,167,7
11,180,7
12,168,7
13,6,7
14,170,7
15,171,7
16,174,7
17,175,7
18,176,7
19,177,7
20,150,7
21,149,7
22,148,7
23,147,7
24,112,7
25,113,7
26,114,7
27,115,7
28,118,7
29,119,7
30,120,7
31,122,7
32,123,7
33,126,7
34,127,7
35,134,7
36,138,7
37,141,7
38,142,7
39,143,7
40,144,7
41,179,7
42,183,7
43,94,7
44,234,7
45,221,7
46,222,7
47,223,7
48,224,7
49,227,7
50,228,7
51,231,7
52,232,7
53,235,7
54,184,7
55,236,7
56,237,7
57,238,7
58,239,7
59,242,7
60,244,7
61,246,7
62,253,7
63,220,7
64,219,7
65,218,7
66,214,7
67,187,7
68,188,7
69,189,7
70,190,7
71,192,7
72,193,7
73,194,7
74,195,7
75,196,7
76,198,7
77,199,7
78,200,7
79,203,7
80,206,7
81,207,7
82,208,7
83,211,7
84,107,7
85,169,7
86,39,7
87,8,7
88,81,7
89,80,7
90,79,7
91,7,7
92,41,7
93,77,7
94,45,7
95,75,7
96,73,7
97,49,7
98,71,7
99,68,7
100,51,7
101,52,7
102,67,7
103,53,7
104,64,7
105,19,7
106,54,7
107,57,7
108,58,7
109,34,7
110,61,7
111,25,7
112,24,7
113,15,7
114,13,7
115,9,7
116,16,7
117,29,7
118,12,7
119,17,7
120,18,7
121,14,7
122,31,7
123,21,7
124,86,7
125,90,7
126,23,7
127,22,7
128,10,7
129,266,6
130,270,6
131,265,6
132,233,6
133,269,6
134,268,6
135,230,6
136,264,6
137,267,6
138,245,6
139,261,6
140,263,6
141,262,6
142,247,6
143,248,6
144,249,6
145,243,6
146,250,6
147,251,6
148,252,6
149,271,6
150,241,6
151,240,6
152,254,6
153,255,6
154,256,6
155,257,6
156,258,6
157,259,6
158,260,6
159,91,6
160,278,6
161,272,6
162,273,6
163,305,6
164,306,6
165,307,6
166,308,6
167,309,6
168,310,6
169,311,6
170,312,6
171,313,6
172,314,6
173,315,6
174,316,6
175,317,6
176,318,6
177,319,6
178,320,6
179,321,6
180,322,6
181,323,6
182,324,6
183,325,6
184,326,6
185,327,6
186,328,6
187,329,6
188,330,6
189,331,6
190,304,6
191,303,6
192,302,6
193,287,6
194,274,6
195,275,6
196,276,6
197,277,6
198,279,6
199,280,6
200,281,6
201,282,6
202,283,6
203,284,6
204,285,6
205,286,6
206,288,6
207,301,6
208,289,6
209,290,6
210,291,6
211,292,6
212,293,6
213,294,6
214,295,6
215,296,6
216,297,6
217,298,6
218,299,6
219,300,6
220,229,6
221,212,6
222,155,6
223,76,6
224,78,6
225,128,6
226,129,6
227,130,6
228,131,6
229,132,6
230,133,6
231,135,6
232,136,6
233,137,6
234,139,6
235,124,6
236,140,6
237,74,6
238,72,6
239,145,6
240,146,6
241,69,6
242,151,6
243,152,6
244,66,6
245,226,6
246,125,6
247,121,6
248,158,6
249,104,6
250,93,6
251,95,6
252,96,6
253,97,6
254,98,6
255,99,6
256,100,6
257,101,6
258,102,6
259,103,6
260,106,6
261,82,6
262,108,6
263,109,6
264,111,6
265,88,6
266,87,6
267,85,6
268,116,6
269,117,6
270,84,6
271,83,6
272,65,6
273,332,6
274,159,6
275,30,6
276,160,6
277,197,6
278,36,6
279,35,6
280,201,6
281,202,6
282,33,6
283,204,6
284,205,6
285,32,6
286,209,6
287,40,6
288,210,6
289,92,6
290,213,6
291,28,6
292,215,6
293,216,6
294,217,6
295,27,6
296,26,6
297,225,6
298,38,6
299,37,6
300,191,6
301,48,6
302,161,6
303,63,6
304,62,6
305,60,6
306,59,6
307,172,6
308,173,6
309,42,6
310,178,6
311,50,6
312,181,6
313,182,6
314,47,6
315,46,6
316,185,6
317,186,6
318,44,6
319,43,6
320,110,1
321,89,1
322,105,1
323,11,1
324,55,1
325,56,1
326,70,1
327,20,1
